division_division_division#a_unnamed:_1_level_1_%#c_unnamed:_2_level_1_%#f_unnamed:_3_level_1_%#i_unnamed:_4_level_1_%#m_unnamed:_5_level_1_%#o_unnamed:_6_level_1_%#v_unnamed:_7_level_1_%#æ_unnamed:_8_level_1_%#ø_unnamed:_9_level_1_%
Skagen#21.6#10.7#10.3#1.0#1.9#6.0#43.7#3.4#1.5
Ålbæk#37.9#6.7#8.3#1.7#1.5#4.6#29.6#8.4#1.3
Jerup#25.4#3.7#14.2#3.0#2.2#7.3#33.1#9.6#1.6
Elling#25.9#6.3#13.7#3.5#0.9#5.2#25.6#17.2#1.6
Strandby Borger- og Kulturhus#24.0#4.4#13.4#3.5#1.8#4.4#34.3#13.3#0.8
Frederikshavn (Arena Nord)#29.8#4.6#20.5#4.0#1.7#6.7#22.6#8.0#2.2
Ravnshøj#24.1#3.6#15.4#3.4#2.5#4.8#26.2#18.4#1.4
Gærum#25.6#3.9#11.8#4.5#2.9#4.3#32.9#12.9#1.0
Sæby#25.6#5.7#15.1#2.6#2.9#3.0#34.6#9.2#1.3
Dybvad#23.3#2.6#8.2#2.8#3.6#5.0#28.3#22.9#3.2
Hørby Sognehus#20.8#5.0#8.7#3.1#4.7#4.3#31.7#19.6#2.1
Thorshøj#23.9#4.2#7.9#2.5#7.6#4.2#23.1#23.7#2.8
Voerså#18.8#3.2#8.7#1.8#2.1#5.8#42.5#16.3#0.8
Volstrup#18.2#6.3#11.9#1.4#2.6#5.7#34.9#18.2#0.9
Østervrå#13.7#6.8#8.8#3.0#19.6#3.0#24.9#19.2#1.1