party_list_vote_share_by_state_state_state#party_list_vote_share_by_state_union_unnamed:_1_level_2#party_list_vote_share_by_state_afd_unnamed:_2_level_2#party_list_vote_share_by_state_spd_unnamed:_3_level_2#party_list_vote_share_by_state_grüne_unnamed:_4_level_2#party_list_vote_share_by_state_linke_unnamed:_5_level_2#party_list_vote_share_by_state_bsw_unnamed:_6_level_2#party_list_vote_share_by_state_fdp_unnamed:_7_level_2#party_list_vote_share_by_state_others_others#party_list_vote_share_by_state_turnout_turnout
Baden-Württemberg#31.6#19.8#14.2#13.6#6.8#4.1#5.6#4.3#83.4
Bavaria#37.2#19.0#11.6#12.0#5.7#3.1#4.2#7.2#84.5
Berlin#18.3#15.2#15.1#16.8#19.9#6.6#3.8#4.2#80.3
Brandenburg#18.1#32.5#14.8#6.6#10.7#10.7#3.2#3.4#81.5
Bremen#20.5#15.1#23.1#15.6#14.8#4.3#3.5#3.0#77.8
Hamburg#20.7#10.9#22.7#19.3#14.4#4.0#4.5#3.4#80.8
Hesse#28.9#17.8#18.4#12.6#8.7#4.4#5.0#4.2#83.1
Lower Saxony#28.1#17.8#23.0#11.5#8.1#3.8#4.1#3.6#83.4
Mecklenburg-Vorpommern#17.8#35.0#12.4#5.4#12.0#10.6#3.2#3.6#79.5
North Rhine-Westphalia#30.1#16.8#20.0#12.4#8.3#4.1#4.4#3.8#82.2
Rhineland-Palatinate#30.6#20.1#18.6#10.4#6.5#4.2#4.6#4.9#83.0
Saarland#26.9#21.6#21.9#7.2#7.3#6.2#4.3#4.7#82.4
Saxony#19.7#37.3#8.5#6.5#11.3#9.0#3.2#4.4#81.2
Saxony-Anhalt#19.2#37.1#11.0#4.4#10.8#11.2#3.1#3.3#77.7
Schleswig-Holstein#27.6#16.3#18.8#14.9#7.8#3.4#4.7#6.5#83.5
Thuringia#18.6#38.6#8.8#4.2#15.2#9.4#2.8#2.5#80.7