resultados_por_distrito_unominal_en_la_lista_de_cada_formación_estado_federado_estado_federado#resultados_por_distrito_unominal_en_la_lista_de_cada_formación_distrito_distrito#resultados_por_distrito_unominal_en_la_lista_de_cada_formación_distrito_distrito.1#resultados_por_distrito_unominal_en_la_lista_de_cada_formación_cdu_unnamed:_3_level_2#resultados_por_distrito_unominal_en_la_lista_de_cada_formación_afd_unnamed:_4_level_2#resultados_por_distrito_unominal_en_la_lista_de_cada_formación_spd_unnamed:_5_level_2#resultados_por_distrito_unominal_en_la_lista_de_cada_formación_b'90/g_unnamed:_6_level_2#resultados_por_distrito_unominal_en_la_lista_de_cada_formación_linke_unnamed:_7_level_2#resultados_por_distrito_unominal_en_la_lista_de_cada_formación_otros_otros
Baden-Wurtemberg#258#Stuttgart I#26.2#8.9#15.0#25.2#10.8#13.9
Baden-Wurtemberg#259#Stuttgart II#26.8#14.4#16.2#17.4#10.9#14.3
Baden-Wurtemberg#260#Böblingen#33.2#17.5#14.4#13.9#6.0#15.0
Baden-Wurtemberg#261#Esslingen#25.3#7.4#22.8#18.2#3.1#23.2
Baden-Wurtemberg#262#Nürtingen#33.7#18.0#14.1#13.6#5.8#14.8
Baden-Wurtemberg#263#Göppingen#33.5#23.3#14.4#9.4#5.5#13.9
Baden-Wurtemberg#264#Waiblingen#33.3#18.6#14.7#12.8#5.8#14.8
Baden-Wurtemberg#265#Ludwigsburg#32.0#16.9#15.1#14.9#6.9#14.2
Baden-Wurtemberg#266#Neckar-Zaber#33.1#20.3#14.4#12.1#5.3#14.8
Baden-Wurtemberg#267#Heilbronn#29.4#25.5#14.3#9.5#6.2#15.1
Baden-Wurtemberg#268#Schwäbisch Hall – Hohenlohe#31.8#25.1#13.2#9.8#5.3#14.8
Baden-Wurtemberg#269#Backnang – Schwäbisch Gmünd#32.6#23.3#13.8#10.7#5.8#13.8
Baden-Wurtemberg#270#Aalen - Heidenheim#34.7#23.0#14.1#9.4#5.4#13.4
Baden-Wurtemberg#271#Karlsruhe-Stadt#22.4#13.5#15.6#24.1#11.2#13.2
Baden-Wurtemberg#272#Karlsruhe-Land#33.1#19.0#15.0#13.3#5.6#14.0
Baden-Wurtemberg#273#Rastatt#33.4#22.6#14.5#10.8#5.4#13.3
Baden-Wurtemberg#274#Heidelberg#26.3#12.1#17.0#21.9#10.1#12.6
Baden-Wurtemberg#275#Mannheim#23.1#17.6#18.2#16.0#11.3#13.8
Baden-Wurtemberg#276#Odenwald - Tauber#36.4#23.6#13.3#8.4#4.9#13.4
Baden-Wurtemberg#277#Rhein-Neckar#31.1#20.7#15.7#12.3#6.3#13.9
Baden-Wurtemberg#278#Bruchsal - Schwetzingen#32.1#22.4#14.4#10.9#5.8#14.4
Baden-Wurtemberg#279#Pforzheim#30.5#25.4#13.2#10.5#5.4#15.0
Baden-Wurtemberg#280#Calw#33.8#25.6#12.2#8.8#4.7#14.9
Baden-Wurtemberg#281#Freiburg#22.2#10.4#15.3#26.6#13.9#11.6
Baden-Wurtemberg#282#Lörrach - Müllheim#29.2#18.2#16.0#15.2#6.8#13.6
Baden-Wurtemberg#283#Emmendingen - Lahr#32.2#19.5#15.5#13.1#5.9#13.8
Baden-Wurtemberg#284#Offenburg#33.6#21.8#13.3#11.1#5.7#14.5
Baden-Wurtemberg#285#Rottweil - Tuttlingen#34.4#27.1#10.8#7.8#4.7#15.2
Baden-Wurtemberg#286#Schwarzwald-Baar#34.0#23.8#12.9#9.9#5.1#14.3
Baden-Wurtemberg#287#Konstanz#30.1#18.3#13.3#16.8#7.4#14.1
Baden-Wurtemberg#288#Waldshut#33.7#19.1#14.3#13.7#5.7#13.5